#  wl(um)    flux(Jy)  eflux(Jy) 
   5.21725   0.001374   0.000041 
   5.24749   0.001415   0.000036 
   5.27773   0.001290   0.000037 
   5.30797   0.001214   0.000031 
   5.33821   0.001147   0.000033 
   5.36846   0.000899   0.000030 
   5.39870   0.000767   0.000030 
   5.42894   0.000581   0.000029 
   5.45918   0.000833   0.000027 
   5.48942   0.000895   0.000025 
   5.51967   0.000917   0.000025 
   5.54991   0.000771   0.000027 
   5.58015   0.000679   0.000025 
   5.61039   0.000690   0.000028 
   5.64063   0.000491   0.000027 
   5.67088   0.000536   0.000025 
   5.70112   0.000545   0.000024 
   5.73136   0.000560   0.000024 
   5.76160   0.000536   0.000025 
   5.79184   0.000458   0.000025 
   5.82209   0.000372   0.000027 
   5.85233   0.000589   0.000025 
   5.88257   0.000397   0.000025 
   5.91281   0.000500   0.000031 
   5.94305   0.000444   0.000024 
   5.97330   0.000597   0.000024 
   6.00354   0.000554   0.000024 
   6.03378   0.000378   0.000025 
   6.06402   0.000451   0.000031 
   6.09426   0.000611   0.000044 
   6.12451   0.000578   0.000024 
   6.15475   0.000631   0.000024 
   6.18499   0.000910   0.000029 
   6.21523   0.001076   0.000023 
   6.24547   0.001197   0.000025 
   6.27572   0.001071   0.000025 
   6.30596   0.001236   0.000028 
   6.33620   0.001222   0.000029 
   6.36644   0.000914   0.000031 
   6.39668   0.000725   0.000029 
   6.42693   0.000579   0.000029 
   6.45717   0.000614   0.000032 
   6.48741   0.000525   0.000029 
   6.51765   0.000575   0.000031 
   6.54789   0.000510   0.000035 
   6.57814   0.000499   0.000035 
   6.60838   0.000540   0.000038 
   6.63862   0.000403   0.000036 
   6.66886   0.000663   0.000035 
   6.69910   0.000931   0.000035 
   6.72935   0.000886   0.000034 
   6.75959   0.000631   0.000035 
   6.78983   0.000622   0.000037 
   6.82007   0.000683   0.000038 
   6.85031   0.000780   0.000038 
   6.88056   0.000805   0.000040 
   6.91080   0.000904   0.000041 
   6.94104   0.000943   0.000042 
   6.97128   0.000838   0.000045 
   7.00152   0.000857   0.000046 
   7.03177   0.000770   0.000048 
   7.06201   0.000668   0.000063 
   7.09225   0.000987   0.000044 
   7.12249   0.001060   0.000047 
   7.15273   0.000847   0.000039 
   7.18298   0.000792   0.000040 
   7.21322   0.000802   0.000045 
   7.24346   0.000667   0.000046 
   7.27370   0.000581   0.000047 
   7.30394   0.000480   0.000048 
   7.33419   0.000535   0.000052 
   7.36443   0.000606   0.000050 
   7.39467   0.000499   0.000045 
   7.42491   0.000573   0.000044 
   7.45515   0.000537   0.000048 
   7.48540   0.000724   0.000048 
   7.51564   0.000768   0.000035 
   7.57612   0.000845   0.000032 
   7.63660   0.000644   0.000030 
   7.69709   0.000460   0.000029 
   7.75757   0.000560   0.000025 
   7.81805   0.000609   0.000028 
   7.87854   0.000554   0.000028 
   7.93902   0.000557   0.000028 
   7.99951   0.000594   0.000029 
   8.05999   0.000644   0.000023 
   8.12047   0.000659   0.000025 
   8.18096   0.000710   0.000025 
   8.24144   0.000845   0.000022 
   8.30192   0.001064   0.000021 
   8.36241   0.000998   0.000022 
   8.42289   0.001143   0.000023 
   8.48337   0.001199   0.000022 
   8.54386   0.001328   0.000024 
   8.60434   0.001424   0.000019 
   8.66483   0.001565   0.000022 
   8.72531   0.001790   0.000022 
   8.78579   0.001736   0.000020 
   8.84628   0.001827   0.000021 
   8.90676   0.001691   0.000022 
   8.96724   0.001648   0.000020 
   9.02773   0.001912   0.000023 
   9.08821   0.001834   0.000024 
   9.14869   0.001780   0.000022 
   9.20918   0.002032   0.000022 
   9.26966   0.001998   0.000025 
   9.33015   0.001992   0.000025 
   9.39063   0.002058   0.000024 
   9.45111   0.002176   0.000025 
   9.51160   0.002132   0.000025 
   9.57208   0.002238   0.000025 
   9.63256   0.002266   0.000024 
   9.69305   0.002155   0.000025 
   9.75353   0.002326   0.000030 
   9.81401   0.002349   0.000032 
   9.87450   0.002256   0.000025 
   9.93498   0.002489   0.000029 
   9.99547   0.002532   0.000029 
  10.05595   0.002446   0.000029 
  10.11643   0.002666   0.000027 
  10.17692   0.002528   0.000028 
  10.23740   0.002204   0.000027 
  10.29788   0.001683   0.000027 
  10.35837   0.001221   0.000030 
  10.41885   0.001037   0.000029 
  10.47933   0.001204   0.000029 
  10.53982   0.001371   0.000030 
  10.60030   0.001479   0.000029 
  10.66079   0.001393   0.000029 
  10.72127   0.001074   0.000032 
  10.78175   0.001136   0.000030 
  10.84224   0.001499   0.000033 
  10.90272   0.001681   0.000035 
  10.96320   0.001578   0.000034 
  11.02369   0.001771   0.000037 
  11.08417   0.002053   0.000038 
  11.14465   0.002215   0.000040 
  11.20514   0.002031   0.000037 
  11.26562   0.001989   0.000041 
  11.32611   0.002105   0.000040 
  11.38659   0.002186   0.000040 
  11.44707   0.002074   0.000044 
  11.50756   0.001879   0.000045 
  11.56804   0.001913   0.000044 
  11.62852   0.001837   0.000041 
  11.68901   0.001733   0.000042 
  11.74949   0.001680   0.000044 
  11.80997   0.001919   0.000045 
  11.87046   0.001821   0.000041 
  11.93094   0.001851   0.000042 
  11.99143   0.001613   0.000044 
  12.05191   0.001738   0.000040 
  12.11239   0.001770   0.000039 
  12.17288   0.001901   0.000039 
  12.23336   0.001805   0.000039 
  12.29384   0.001615   0.000038 
  12.35433   0.001516   0.000039 
  12.41481   0.001558   0.000041 
  12.47529   0.001611   0.000040 
  12.53578   0.001482   0.000041 
  12.59626   0.001510   0.000041 
  12.65675   0.001478   0.000045 
  12.71723   0.001616   0.000042 
  12.77771   0.001684   0.000041 
  12.83820   0.001588   0.000042 
  12.89868   0.001489   0.000041 
  12.95916   0.001690   0.000042 
  13.01965   0.001618   0.000044 
  13.08013   0.001597   0.000045 
  13.14061   0.001544   0.000047 
  13.20110   0.001621   0.000048 
  13.26158   0.001475   0.000048 
  13.32206   0.001293   0.000050 
  13.38255   0.001273   0.000050 
  13.44303   0.001228   0.000050 
  13.50352   0.001492   0.000054 
  13.56400   0.001405   0.000050 
  13.62448   0.001426   0.000052 
  13.68497   0.001232   0.000054 
  13.74545   0.001410   0.000056 
  13.80593   0.001451   0.000054 
  13.86642   0.001408   0.000057 
  13.92690   0.001531   0.000059 
  13.98738   0.001433   0.000060 
  14.04787   0.001331   0.000056 
  14.10835   0.001441   0.000055 
  14.16884   0.001182   0.000057 
